version 2
run nodebug-0-20140709-06:23:07-5124
attr configname nodebug
attr datetime 20140709-06:23:07
attr experiment nodebug
attr inifile omnetpp.ini
attr iterationvars ""
attr iterationvars2 $repetition=0
attr measurement ""
attr network RSUVehicleScenario
attr processid 5124
attr repetition 0
attr replication #0
attr resultdir results
attr runnumber 0
attr seedset 0

vector 4  RSUVehicleScenario.node[0].veinsmobility  posx  ETV
vector 5  RSUVehicleScenario.node[0].veinsmobility  posy  ETV
vector 6  RSUVehicleScenario.node[0].veinsmobility  speed  ETV
vector 7  RSUVehicleScenario.node[0].veinsmobility  acceleration  ETV
vector 8  RSUVehicleScenario.node[0].veinsmobility  co2emission  ETV
vector 11  RSUVehicleScenario.node[1].veinsmobility  posx  ETV
vector 12  RSUVehicleScenario.node[1].veinsmobility  posy  ETV
vector 13  RSUVehicleScenario.node[1].veinsmobility  speed  ETV
vector 14  RSUVehicleScenario.node[1].veinsmobility  acceleration  ETV
vector 15  RSUVehicleScenario.node[1].veinsmobility  co2emission  ETV
vector 18  RSUVehicleScenario.node[2].veinsmobility  posx  ETV
vector 19  RSUVehicleScenario.node[2].veinsmobility  posy  ETV
vector 20  RSUVehicleScenario.node[2].veinsmobility  speed  ETV
vector 21  RSUVehicleScenario.node[2].veinsmobility  acceleration  ETV
vector 22  RSUVehicleScenario.node[2].veinsmobility  co2emission  ETV
vector 25  RSUVehicleScenario.node[3].veinsmobility  posx  ETV
vector 26  RSUVehicleScenario.node[3].veinsmobility  posy  ETV
vector 27  RSUVehicleScenario.node[3].veinsmobility  speed  ETV
vector 28  RSUVehicleScenario.node[3].veinsmobility  acceleration  ETV
vector 29  RSUVehicleScenario.node[3].veinsmobility  co2emission  ETV
vector 32  RSUVehicleScenario.node[4].veinsmobility  posx  ETV
vector 33  RSUVehicleScenario.node[4].veinsmobility  posy  ETV
vector 34  RSUVehicleScenario.node[4].veinsmobility  speed  ETV
vector 35  RSUVehicleScenario.node[4].veinsmobility  acceleration  ETV
vector 36  RSUVehicleScenario.node[4].veinsmobility  co2emission  ETV
8	4	0.3	1.4276208928798
8	5	0.4	1.5553504369406
8	6	0.5	1.6547258140606
8	7	0.6	1.7983555805977
8	8	0.7	1.8323674505787
8	9	0.8	2.0110897446338
8	10	0.9	1.970451684244
8	11	1	2.244901373431
8	12	1.1	2.2119208452933
8	13	1.2	2.2548819012347
8	14	1.3	2.5345448660167
8	15	1.4	2.6013847819414
8	16	1.5	2.852151772081
8	17	1.6	2.3526342216865
8	18	1.7	3.339605186172
8	19	1.8	2.4276646371033
8	20	1.9	3.3234379637286
8	21	2	3.3108190720898
8	22	2.1	3.2988402737822
8	23	2.2	2.9578171889378
8	24	2.3	2.9959376211745
8	25	2.4	3.4908200907348
8	26	2.5	3.6670806850063
8	27	2.6	3.6268696198063
8	28	2.7	4.0205201967415
8	29	2.8	3.1988957479633
8	30	2.9	3.4137976506977
8	31	3	4.907912272511
8	32	3.1	4.5496391886597
8	33	3.2	5.1843707050129
8	34	3.3	5.490502883119
8	35	3.4	3.8970556575359
8	36	3.5	4.0812734992789
8	37	3.6	3.9458891055838
8	38	3.7	3.7593760917064
8	39	3.8	4.2273339749307
8	40	3.9	5.1045553963918
8	41	4	4.4294934204996
8	42	4.1	6.1704815888201
8	43	4.2	4.9722185416067
8	44	4.3	6.3796667209292
8	45	4.4	4.3550328563445
8	46	4.5	5.5724689565354
8	47	4.6	5.9783016536976
8	48	4.7	6.531517038645
8	49	4.8	5.1600288586713
8	50	4.9	6.1886912441601
8	51	5	5.9549957283831
8	52	5.1	7.7853608744789
8	53	5.2	6.0293065596097
8	54	5.3	6.1389862136434
8	55	5.4	6.215380184048
8	56	5.5	5.2080809029875
8	57	5.6	6.1561018361202
8	58	5.7	7.3629412347938
8	59	5.8	7.2141082079045
8	60	5.9	6.3899916329279
8	61	6	8.8173762262081
8	62	6.1	6.712915009577
8	63	6.2	6.7856909201694
8	64	6.3	8.0773156423548
8	65	6.4	8.3743676988308
8	66	6.5	8.4713421478856
8	67	6.6	8.1436375074094
8	68	6.7	6.1246890190291
8	69	6.8	9.3014481119437
8	70	6.9	6.1272339967354
8	71	7	9.3496226877566
8	72	7.1	8.5304672898817
8	73	7.2	9.1242607840614
8	74	7.3	0.973
8	75	7.4	4.3577761273913
8	76	7.5	0.973
8	77	7.6	2.5720389208699
8	78	7.7	2.8766605061585
8	79	7.8	4.3165487169568
8	80	7.9	0.973
8	81	8	1.5897409358382
8	82	8.1	4.2992840120413
8	83	8.2	3.8192287130312
8	84	8.3	0.973
8	85	8.4	4.9896392768023
8	86	8.5	0.973
8	87	8.6	3.2116257252267
8	88	8.7	2.8822162993739
8	89	8.8	0.973
8	90	8.9	2.2705069044256
8	91	9	3.8308782287708
8	92	9.1	2.0735985700595
8	93	9.2	0.973
8	94	9.3	2.8376475775941
8	95	9.4	1.3397800903168
8	96	9.5	0.973
8	97	9.6	0.973
8	98	9.7	2.6721583083952
8	99	9.8	1.7699536569376
8	100	9.9	4.1362624045135
8	101	10	0.973
8	102	10.1	0.973
8	103	10.2	0.973
8	104	10.3	0.973
8	105	10.4	0.973
8	106	10.5	0.973
8	107	10.6	0.973
8	108	10.7	0.973
8	109	10.8	0.973
8	110	10.9	0.973
8	111	11	0.973
8	112	11.1	0.973
8	113	11.2	0.973
8	114	11.3	0.973
8	115	11.4	0.973
8	116	11.5	0.973
8	117	11.6	0.973
8	118	11.7	0.973
8	119	11.8	0.973
8	120	11.9	0.973
8	121	12	0.973
8	122	12.1	0.973
8	123	12.2	0.973
8	124	12.3	0.973
8	125	12.4	0.973
8	126	12.5	0.973
8	127	12.6	0.973
8	128	12.7	0.973
8	129	12.8	0.973
8	130	12.9	0.973
8	131	13	0.973
8	132	13.1	0.973
8	133	13.2	0.973
8	134	13.3	0.973
8	135	13.4	0.973
8	136	13.5	0.973
8	137	13.6	3.5735574093087
8	138	13.7	3.7500424838715
8	139	13.8	3.9266738352852
8	140	13.9	4.1034612054572
8	141	14	4.2804143362946
8	142	14.1	4.4575429697045
8	143	14.2	4.6348568475942
8	144	14.3	4.8123657118707
8	145	14.4	4.9900793044413
8	146	14.5	3.8570439909308
8	147	14.6	3.9658166612094
7	4	0.3	2.4479752470855
7	5	0.4	2.3290637582572
7	6	0.5	2.1818481258762
7	7	0.6	2.2357036410334
7	8	0.7	1.9855717337837
7	9	0.8	2.1556800054752
7	10	0.9	1.8177961522857
7	11	1	2.1703654659723
7	12	1.1	1.8999668675033
7	13	1.2	1.8135391334582
7	14	1.3	2.1003037793096
7	15	1.4	2.0311366270296
7	16	1.5	2.213205013168
7	17	1.6	1.4406950977165
7	18	1.7	2.5262731315568
7	19	1.8	1.3472384067252
7	20	1.9	2.2455468171276
7	21	2	2.1015260222834
7	22	2.1	1.979035354848
7	23	2.2	1.5707574565429
7	24	2.3	1.5441806555958
7	25	2.4	1.9124366020085
7	26	2.5	1.9760296771768
7	27	2.6	1.861542067118
7	28	2.7	2.0893797688885
7	29	2.8	1.3967243768042
7	30	2.9	1.5130976005224
7	31	3	2.5076531236758
7	32	3.1	2.16138498988
7	33	3.2	2.4867319139419
7	34	3.3	2.5737160811434
7	35	3.4	1.5175942043075
7	36	3.5	1.5883962160442
7	37	3.6	1.4689842111664
7	38	3.7	1.3277961542364
7	39	3.8	1.5610938670114
7	40	3.9	2.0000768283615
7	41	4	1.5853120716521
7	42	4.1	2.4462432491127
7	43	4.2	1.7681026779115
7	44	4.3	2.413640728849
7	45	4.4	1.3719304058002
7	46	4.5	1.9215971733676
7	47	4.6	2.0609394765459
7	48	4.7	2.2560777051607
7	49	4.8	1.5934962075436
7	50	4.9	2.0070045632543
7	51	5	1.8610358671751
7	52	5.1	2.5755732625723
7	53	5.2	1.7970738488948
7	54	5.3	1.8042755607981
7	55	5.4	1.7979858017527
7	56	5.5	1.3731275021331
7	57	5.6	1.7136336127995
7	58	5.7	2.1326397273224
7	59	5.8	2.0318584615365
7	60	5.9	1.6930794459535
7	61	6	2.5217068935512
7	62	6.1	1.7332032753387
7	63	6.2	1.7281707641901
7	64	6.3	2.1344021787401
7	65	6.4	2.1899431454483
7	66	6.5	2.1774386041798
7	67	6.6	2.0298180325888
7	68	6.7	1.3533659499604
7	69	6.8	2.3284602138447
7	70	6.9	1.3061105647124
7	71	7	2.2707209182903
7	72	7.1	1.9828932433389
7	73	7.2	2.1237779836318
7	74	7.3	-0.67051755650901
7	75	7.4	0.69754018457607
7	76	7.5	-1.0548045324627
7	77	7.6	0.16715116663836
7	78	7.7	0.25759127894418
7	79	7.8	0.68477199978661
7	80	7.9	-1.0167235876667
7	81	8	-0.12813790892251
7	82	8.1	0.68328243996948
7	83	8.2	0.53556285242085
7	84	8.3	-1.2225186239695
7	85	8.4	0.88848049053922
7	86	8.5	-0.51027728305197
7	87	8.6	0.35671765725128
7	88	8.7	0.25667311176656
7	89	8.8	-0.45471310988068
7	90	8.9	0.074922233750119
7	91	9	0.53953699145932
7	92	9.1	0.014076425158418
7	93	9.2	-0.306093408796
7	94	9.3	0.2428024208173
7	95	9.4	-0.20489069765899
7	96	9.5	-0.38623889465816
7	97	9.6	-0.31515522389672
7	98	9.7	0.1964605357265
7	99	9.8	-0.074590725474994
7	100	9.9	0.63237314489671
7	101	10	-3.7140856953146
7	102	10.1	-2.9621553461115
7	103	10.2	-3.7178356585583
7	104	10.3	-3.7177556634409
7	105	10.4	-3.5125273090237
7	106	10.5	-3.4331098520423
7	107	10.6	-3.3109522588677
7	108	10.7	-3.0716847170398
7	109	10.8	-3.5687991781258
7	110	10.9	-2.5431661972141
7	111	11	-2.6910954925232
7	112	11.1	-4.0311948625099
7	113	11.2	-3.1110581454228
7	114	11.3	-2.49591556567
7	115	11.4	-3.6622133962449
7	116	11.5	-3.0757743640984
7	117	11.6	-3.1280177515175
7	118	11.7	-3.2863787560456
7	119	11.8	-2.347147176928
7	120	11.9	-3.4019422405471
7	121	12	-1.9204662744008
7	122	12.1	-3.6730069372524
7	123	12.2	-2.0395810378463
7	124	12.3	-3.2232254993577
7	125	12.4	-3.1520001716355
7	126	12.5	-1.6885349946361
7	127	12.6	-3.3654656086344
7	128	12.7	-1.6873615517547
7	129	12.8	-3.5726926190638
7	130	12.9	-2.5341890137759
7	131	13	-1.7968513860919
7	132	13.1	-1.888760944261
7	133	13.2	-2.3341686997751
7	134	13.3	-2.7334543021512
7	135	13.4	-1.5447099117149
7	136	13.5	-2.7997778972337
7	137	13.6	2.6
7	138	13.7	2.6
7	139	13.8	2.6
7	140	13.9	2.6
7	141	14	2.6
7	142	14.1	2.6
7	143	14.2	2.6
7	144	14.3	2.6
7	145	14.4	2.6
7	146	14.5	1.7197939507896
7	147	14.6	1.7379983353661
6	3	0.2	0.25286542447004
6	4	0.3	0.49766294917859
6	5	0.4	0.73056932500431
6	6	0.5	0.94875413759194
6	7	0.6	1.1723245016953
6	8	0.7	1.3708816750736
6	9	0.8	1.5864496756212
6	10	0.9	1.7682292908497
6	11	1	1.985265837447
6	12	1.1	2.1752625241973
6	13	1.2	2.3566164375431
6	14	1.3	2.5666468154741
6	15	1.4	2.769760478177
6	16	1.5	2.9910809794938
6	17	1.6	3.1351504892655
6	18	1.7	3.3877778024212
6	19	1.8	3.5225016430937
6	20	1.9	3.7470563248065
6	21	2	3.9572089270348
6	22	2.1	4.1551124625196
6	23	2.2	4.3121882081739
6	24	2.3	4.4666062737335
6	25	2.4	4.6578499339343
6	26	2.5	4.855452901652
6	27	2.6	5.0416071083638
6	28	2.7	5.2505450852527
6	29	2.8	5.3902175229331
6	30	2.9	5.5415272829853
6	31	3	5.7922925953529
6	32	3.1	6.0084310943409
6	33	3.2	6.2571042857351
6	34	3.3	6.5144758938494
6	35	3.4	6.6662353142802
6	36	3.5	6.8250749358846
6	37	3.6	6.9719733570013
6	38	3.7	7.1047529724249
6	39	3.8	7.260862359126
6	40	3.9	7.4608700419622
6	41	4	7.6194012491274
6	42	4.1	7.8640255740387
6	43	4.2	8.0408358418298
6	44	4.3	8.2821999147147
6	45	4.4	8.4193929552947
6	46	4.5	8.6115526726315
6	47	4.6	8.8176466202861
6	48	4.7	9.0432543908022
6	49	4.8	9.2026040115565
6	50	4.9	9.403304467882
6	51	5	9.5894080545995
6	52	5.1	9.8469653808567
6	53	5.2	10.026672765746
6	54	5.3	10.207100321826
6	55	5.4	10.386898902001
6	56	5.5	10.524211652215
6	57	5.6	10.695575013495
6	58	5.7	10.908838986227
6	59	5.8	11.11202483238
6	60	5.9	11.281332776976
6	61	6	11.533503466331
6	62	6.1	11.706823793865
6	63	6.2	11.879640870284
6	64	6.3	12.093081088158
6	65	6.4	12.312075402703
6	66	6.5	12.529819263121
6	67	6.6	12.732801066379
6	68	6.7	12.868137661375
6	69	6.8	13.10098368276
6	70	6.9	13.231594739231
6	71	7	13.45866683106
6	72	7.1	13.656956155394
6	73	7.2	13.869333953757
6	74	7.3	13.802282198106
6	75	7.4	13.872036216564
6	76	7.5	13.766555763318
6	77	7.6	13.783270879982
6	78	7.7	13.809030007876
6	79	7.8	13.877507207855
6	80	7.9	13.775834849088
6	81	8	13.763021058196
6	82	8.1	13.831349302193
6	83	8.2	13.884905587435
6	84	8.3	13.762653725038
6	85	8.4	13.851501774092
6	86	8.5	13.800474045787
6	87	8.6	13.836145811512
6	88	8.7	13.861813122688
6	89	8.8	13.8163418117
6	90	8.9	13.823834035075
6	91	9	13.877787734221
6	92	9.1	13.879195376737
6	93	9.2	13.848586035857
6	94	9.3	13.872866277939
6	95	9.4	13.852377208173
6	96	9.5	13.813753318707
6	97	9.6	13.782237796318
6	98	9.7	13.80188384989
6	99	9.8	13.794424777343
6	100	9.9	13.857662091833
6	101	10	13.486253522301
6	102	10.1	13.19003798769
6	103	10.2	12.818254421834
6	104	10.3	12.44647885549
6	105	10.4	12.095226124588
6	106	10.5	11.751915139383
6	107	10.6	11.420819913497
6	108	10.7	11.113651441793
6	109	10.8	10.75677152398
6	110	10.9	10.502454904259
6	111	11	10.233345355006
6	112	11.1	9.8302258687554
6	113	11.2	9.5191200542132
6	114	11.3	9.2695284976461
6	115	11.4	8.9033071580217
6	116	11.5	8.5957297216118
6	117	11.6	8.2829279464601
6	118	11.7	7.9542900708555
6	119	11.8	7.7195753531627
6	120	11.9	7.379381129108
6	121	12	7.1873345016679
6	122	12.1	6.8200338079427
6	123	12.2	6.6160757041581
6	124	12.3	6.2937531542223
6	125	12.4	5.9785531370587
6	126	12.5	5.8096996375951
6	127	12.6	5.4731530767317
6	128	12.7	5.3044169215562
6	129	12.8	4.9471476596498
6	130	12.9	4.6937287582722
6	131	13	4.5140436196631
6	132	13.1	4.3251675252369
6	133	13.2	4.0917506552594
6	134	13.3	3.8184052250443
6	135	13.4	3.6639342338728
6	136	13.5	3.3839564441494
6	137	13.6	3.6439564441494
6	138	13.7	3.9039564441494
6	139	13.8	4.1639564441494
6	140	13.9	4.4239564441494
6	141	14	4.6839564441494
6	142	14.1	4.9439564441494
6	143	14.2	5.2039564441494
6	144	14.3	5.4639564441494
6	145	14.4	5.7239564441494
6	146	14.5	5.8959358392284
6	147	14.6	6.069735672765
5	2	0.1	1578.0861504339
5	3	0.2	1578.0861504339
5	4	0.3	1578.0948660281
5	5	0.4	1578.1120191384
5	6	0.5	1578.1371999085
5	7	0.6	1578.1699009249
5	8	0.7	1578.2103078142
5	9	0.8	1578.2575584371
5	10	0.9	1578.3122391133
5	11	1	1578.3731852453
5	12	1.1	1578.4416120471
5	13	1.2	1578.5165875256
5	14	1.3	1578.5978137888
5	15	1.4	1578.6862792373
5	16	1.5	1578.7817454701
5	17	1.6	1578.8848400284
5	18	1.7	1578.9929002775
5	19	1.8	1579.109667914
5	20	1.9	1579.2310791202
5	21	2	1579.3602301264
5	22	2.1	1579.4966245294
5	23	2.2	1579.6398401391
5	24	2.3	1579.7884697281
5	25	2.4	1579.9424216952
5	26	2.5	1580.1029653195
5	27	2.6	1580.2703197896
5	28	2.7	1580.4440904977
5	29	2.8	1580.6250627376
5	30	2.9	1580.8108491134
5	31	3	1581.0018507317
5	32	3.1	1581.2776015159
5	33	3.2	1581.7051451085
5	34	3.3	1582.1503836084
5	35	3.4	1582.6139359707
5	36	3.5	1583.0882871207
5	37	3.6	1583.5739408657
5	38	3.7	1584.0700475015
5	39	3.8	1584.5756023731
5	40	3.9	1585.092265564
5	41	4	1585.6231607571
5	42	4.1	1586.1653365986
5	43	4.2	1586.7249192409
5	44	4.3	1587.2970832204
5	45	4.4	1587.8864220101
5	46	4.5	1588.4855230832
5	47	4.6	1589.098297718
5	48	4.7	1589.7257374367
5	49	4.8	1590.3692307901
5	50	4.9	1591.0240630284
5	51	5	1591.6931765648
5	52	5.1	1592.3755327258
5	53	5.2	1593.0762159638
5	54	5.3	1593.789686691
5	55	5.4	1594.5159961507
5	56	5.5	1595.2550995881
5	57	5.6	1596.0039738277
5	58	5.7	1596.765041816
5	59	5.8	1597.5412850883
5	60	5.9	1598.3319865121
5	61	6	1599.1347354287
5	62	6.1	1599.9554281235
5	63	6.2	1600.788453822
5	64	6.3	1601.6337767122
5	65	6.4	1602.4942874275
5	66	6.5	1603.3703811811
5	67	6.6	1604.2619689954
5	68	6.7	1605.168000442
5	69	6.8	1606.0836620722
5	70	6.9	1607.0158923911
5	71	7	1607.9574166369
5	72	7.1	1608.9150987137
5	73	7.2	1609.8868905203
5	74	7.3	1610.873794551
5	75	7.4	1611.8559273621
5	76	7.5	1612.8430236792
5	77	7.6	1613.8226142945
5	78	7.7	1614.803394312
5	79	7.8	1615.7860072795
5	80	7.9	1616.7734928969
5	81	8	1617.7537437873
5	82	8.1	1618.7330828821
5	83	8.2	1619.7172840293
5	84	8.3	1620.7052960955
5	85	8.4	1621.6846090527
5	86	8.5	1622.6702441946
5	87	8.6	1623.6522483425
5	88	8.7	1624.6367907962
5	89	8.8	1625.6231596656
5	90	8.9	1626.6062929211
5	91	9	1627.589959302
5	92	9.1	1628.5774648814
5	93	9.2	1629.5650706254
5	94	9.3	1630.5504982909
5	95	9.4	1631.5376536734
5	96	9.5	1632.5233511087
5	97	9.6	1633.5063001737
5	98	9.7	1634.4870066792
5	99	9.8	1635.4691111455
5	100	9.9	1636.4506848436
5	101	10	1637.4367583375
5	102	10.1	1638.3964034086
5	103	10.2	1639.3349705888
5	104	10.3	1640.2470826637
5	105	10.4	1641.1327402014
5	106	10.5	1641.9934035512
5	107	10.6	1642.8296378264
5	108	10.7	1643.6423122678
5	109	10.8	1644.4331294363
5	110	10.9	1645.1985520022
5	111	11	1645.9458780903
5	112	11.1	1646.6938285446
5	113	11.2	1647.4684687229
5	114	11.3	1648.218593182
5	115	11.4	1648.9490493601
5	116	11.5	1649.6506466111
5	117	11.6	1650.3280061856
5	118	11.7	1650.9807163952
5	119	11.8	1651.6075293263
5	120	11.9	1652.2158462973
5	121	12	1652.7973553287
5	122	12.1	1653.3637307258
5	123	12.2	1653.9011621429
5	124	12.3	1654.4225212783
5	125	12.4	1654.9184807949
5	126	12.5	1655.3896019608
5	127	12.6	1655.8474171553
5	128	12.7	1656.2787118517
5	129	12.8	1656.781492712
5	130	12.9	1657.2694992935
5	131	13	1657.7325076126
5	132	13.1	1658.1777910655
5	133	13.2	1658.6044430202
5	134	13.3	1659.0080697937
5	135	13.4	1659.384732672
5	136	13.5	1659.7461579097
5	137	13.6	1660.0799650103
5	138	13.7	1660.4394195583
5	139	13.8	1660.8245215537
5	140	13.9	1661.2352709975
5	141	14	1661.6716678888
5	142	14.1	1662.1337122275
5	143	14.2	1662.6214040136
5	144	14.3	1663.1347432481
5	145	14.4	1663.673729931
5	146	14.5	1664.2383640604
5	147	14.6	1664.8243380953
4	2	0.1	2415.8694684898
4	3	0.2	2415.8694684898
4	4	0.3	2415.845732873
4	5	0.4	2415.7990189458
4	6	0.5	2415.7304428896
4	7	0.6	2415.6413865678
4	8	0.7	2415.5313444568
4	9	0.8	2415.4026644597
4	10	0.9	2415.253749828
4	11	1	2415.0877721626
4	12	1.1	2414.9014220152
4	13	1.2	2414.6972375255
4	14	1.3	2414.476029961
4	15	1.4	2414.2351075599
4	16	1.5	2413.9751195706
4	17	1.6	2413.6943569791
4	18	1.7	2413.400071073
4	19	1.8	2413.0820719008
4	20	1.9	2412.7514266602
4	21	2	2412.3997032359
4	22	2.1	2412.0282535021
4	23	2.2	2411.638227237
4	24	2.3	2411.2334568062
4	25	2.4	2410.8141916771
4	26	2.5	2410.3769751566
4	27	2.6	2409.9212103181
4	28	2.7	2409.4479718177
4	29	2.8	2408.9551210204
4	30	2.9	2408.449159647
4	31	3	2407.9289953412
4	32	3.1	2407.434272861
4	33	3.2	2407.0121586007
4	34	3.3	2406.5725741392
4	35	3.4	2406.114908381
4	36	3.5	2405.6465809684
4	37	3.6	2405.1670944914
4	38	3.7	2404.677287863
4	39	3.8	2404.1781529811
4	40	3.9	2403.6680508436
4	41	4	2403.143897435
4	42	4.1	2402.6086066293
4	43	4.2	2402.05613007
4	44	4.3	2401.4912319428
4	45	4.4	2400.9093771066
4	46	4.5	2400.3178839575
4	47	4.6	2399.7128908854
4	48	4.7	2399.0934189598
4	49	4.8	2398.4580972631
4	50	4.9	2397.8115806727
4	51	5	2397.1509641412
4	52	5.1	2396.4772731521
4	53	5.2	2395.7854878188
4	54	5.3	2395.0810773844
4	55	5.4	2394.3639912542
4	56	5.5	2393.6342736162
4	57	5.6	2392.8949092553
4	58	5.7	2392.1435059916
4	59	5.8	2391.3771201536
4	60	5.9	2390.5964597668
4	61	6	2389.8039048777
4	62	6.1	2388.9936340754
4	63	6.2	2388.1711868861
4	64	6.3	2387.3365986652
4	65	6.4	2386.4870154882
4	66	6.5	2385.6220471597
4	67	6.6	2384.7417815286
4	68	6.7	2383.8472556834
4	69	6.8	2382.9432219474
4	70	6.9	2382.0228299268
4	71	7	2381.0932620018
4	72	7.1	2380.1477414317
4	73	7.2	2379.1882903115
4	74	7.3	2378.213918874
4	75	7.4	2377.2442580678
4	76	7.5	2376.2696967865
4	77	7.6	2375.3025458929
4	78	7.7	2374.3342207012
4	79	7.8	2373.3640858366
4	80	7.9	2372.3891401981
4	81	8	2371.4213374149
4	82	8.1	2370.4544348472
4	83	8.2	2369.4827319705
4	84	8.3	2368.5072665688
4	85	8.4	2367.5403898078
4	86	8.5	2366.5672711462
4	87	8.6	2365.5977373691
4	88	8.7	2364.6256975201
4	89	8.8	2363.6518544486
4	90	8.9	2362.6812059031
4	91	9	2361.7100310014
4	92	9.1	2360.735065655
4	93	9.2	2359.7600014166
4	94	9.3	2358.7870875963
4	95	9.4	2357.8124680001
4	96	9.5	2356.8392878361
4	97	9.6	2355.8688211417
4	98	9.7	2354.9005685279
4	99	9.8	2353.9309357069
4	100	9.9	2352.9618269132
4	101	10	2351.9882754667
4	102	10.1	2351.0408168308
4	103	10.2	2350.1141684195
4	104	10.3	2349.2136391635
4	105	10.4	2348.339228501
4	106	10.5	2347.4894946273
4	107	10.6	2346.6638796061
4	108	10.7	2345.8615252355
4	109	10.8	2345.0807505734
4	110	10.9	2344.3250480309
4	111	11	2343.5872121612
4	112	11.1	2342.8907783106
4	113	11.2	2342.2856642498
4	114	11.3	2341.6997007666
4	115	11.4	2341.12910126
4	116	11.5	2340.5810450484
4	117	11.6	2340.0519222198
4	118	11.7	2339.5420543662
4	119	11.8	2339.0524163019
4	120	11.9	2338.5772264486
4	121	12	2338.1229777527
4	122	12.1	2337.6805507704
4	123	12.2	2337.2607335243
4	124	12.3	2336.8534712204
4	125	12.4	2336.4660499566
4	126	12.5	2336.0980312951
4	127	12.6	2335.74040666
4	128	12.7	2335.4034986452
4	129	12.8	2335.2700123627
4	130	12.9	2335.188980291
4	131	13	2335.1120991078
4	132	13.1	2335.0381610871
4	133	13.2	2334.9673167726
4	134	13.3	2334.9002957222
4	135	13.4	2334.837751948
4	136	13.5	2334.7777383397
4	137	13.6	2334.7223106428
4	138	13.7	2334.6626242619
4	139	13.8	2334.5986791969
4	140	13.9	2334.5304754479
4	141	14	2334.458013015
4	142	14.1	2334.381291898
4	143	14.2	2334.300312097
4	144	14.3	2334.2150736119
4	145	14.4	2334.1255764429
4	146	14.5	2334.0318205898
4	147	14.6	2333.9721643698
15	34	3.3	1.4374867592412
15	35	3.4	1.5359622306157
15	36	3.5	1.7542787034131
15	37	3.6	1.7558625097664
15	38	3.7	1.9459058261406
15	39	3.8	1.934077584112
15	40	3.9	2.1233720653538
15	41	4	2.1233215430257
15	42	4.1	2.1549096014547
15	43	4.2	2.3055635867754
15	44	4.3	2.4092828910849
15	45	4.4	2.3025424680536
15	46	4.5	3.0180564847805
15	47	4.6	2.7809191328738
15	48	4.7	3.2121220823043
15	49	4.8	2.6983777470843
15	50	4.9	3.4217200501691
15	51	5	3.6729115306537
15	52	5.1	3.559573660761
15	53	5.2	3.9447754859589
15	54	5.3	3.9835561553698
15	55	5.4	3.8576832985585
15	56	5.5	3.1155343964884
15	57	5.6	3.9456657678717
15	58	5.7	3.7640228391232
15	59	5.8	3.3257667550119
15	60	5.9	4.8983021517334
15	61	6	3.3521294548572
15	62	6.1	4.0305323419248
15	63	6.2	5.1123034967947
15	64	6.3	5.3537151925365
15	65	6.4	4.4464757238703
15	66	6.5	4.6216690069877
15	67	6.6	4.5678956467176
15	68	6.7	5.9291679028509
15	69	6.8	4.7744266182146
15	70	6.9	4.8165791517692
15	71	7	5.5151363048864
15	72	7.1	6.0815614086912
15	73	7.2	5.967518625568
15	74	7.3	5.2112579609732
15	75	7.4	4.9537066640357
15	76	7.5	6.2029143041249
15	77	7.6	7.3818699254384
15	78	7.7	5.0602946426277
15	79	7.8	4.7186793075561
15	80	7.9	6.3314104680407
15	81	8	7.7628816722352
15	82	8.1	5.7027367412107
15	83	8.2	6.7629991224542
15	84	8.3	7.9683909945973
15	85	8.4	6.8812697427189
15	86	8.5	7.5649064773258
15	87	8.6	5.554071967252
15	88	8.7	6.4263743134193
15	89	8.8	5.8791143333393
15	90	8.9	7.2123159145757
15	91	9	5.8185318293869
15	92	9.1	5.8472888094104
15	93	9.2	9.4720801065986
15	94	9.3	7.1253806877378
15	95	9.4	8.7510260214404
15	96	9.5	7.7167782951438
15	97	9.6	8.5780940203572
15	98	9.7	7.8655831925188
15	99	9.8	9.1677338815531
15	100	9.9	7.2826372310079
15	101	10	6.7517886307757
15	102	10.1	4.1090348122649
15	103	10.2	3.9386137028279
15	104	10.3	3.4736116889504
15	105	10.4	0.973
15	106	10.5	2.7277510594297
15	107	10.6	0.973
15	108	10.7	3.3412383594579
15	109	10.8	3.8880233702891
15	110	10.9	0.973
15	111	11	2.6655648364295
15	112	11.1	2.8143046377252
15	113	11.2	0.973
15	114	11.3	4.8361017122835
15	115	11.4	0.973
15	116	11.5	3.4211200656557
15	117	11.6	0.973
15	118	11.7	2.8068646222867
15	119	11.8	0.973
15	120	11.9	3.9560660203766
15	121	12	0.973
15	122	12.1	0.973
15	123	12.2	0.973
15	124	12.3	0.973
15	125	12.4	0.973
15	126	12.5	0.973
15	127	12.6	0.973
15	128	12.7	0.973
15	129	12.8	0.973
15	130	12.9	0.973
15	131	13	0.973
15	132	13.1	0.973
15	133	13.2	0.973
15	134	13.3	0.973
15	135	13.4	0.973
15	136	13.5	0.973
15	137	13.6	0.973
15	138	13.7	0.973
15	139	13.8	0.973
15	140	13.9	0.973
15	141	14	0.973
15	142	14.1	2.9312471657685
15	143	14.2	0.973
15	144	14.3	2.996001545254
15	145	14.4	0.973
15	146	14.5	2.2113744656431
15	147	14.6	0.973
14	34	3.3	2.5058086450397
14	35	3.4	2.2352498837015
14	36	3.5	2.5308295496282
14	37	3.6	2.0610842388746
14	38	3.7	2.257848739438
14	39	3.8	1.9309768744856
14	40	3.9	2.1149791217531
14	41	4	1.8955771246036
14	42	4.1	1.7839522764283
14	43	4.2	1.8890033393767
14	44	4.3	1.9014148032991
14	45	4.4	1.6137996934354
14	46	4.5	2.4623201116454
14	47	4.6	1.9843194504501
14	48	4.7	2.3577679520939
14	49	4.8	1.6420063687023
14	50	4.9	2.318484536279
14	51	5	2.4242163747549
14	52	5.1	2.1786166946404
14	53	5.2	2.4054226770764
14	54	5.3	2.310982198827
14	55	5.4	2.0975643285317
14	56	5.5	1.426621987205
14	57	5.6	2.0150650135707
14	58	5.7	1.8030174996005
14	59	5.8	1.4269468483282
14	60	5.9	2.4709355429979
14	61	6	1.3392482108204
14	62	6.1	1.7509179581422
14	63	6.2	2.3778175380314
14	64	6.3	2.4323958121473
14	65	6.4	1.8098201332847
14	66	6.5	1.8587441912619
14	67	6.6	1.7754437308991
14	68	6.7	2.4673417511396
14	69	6.8	1.7744234598242
14	70	6.9	1.7509591813199
14	71	7	2.0613208355848
14	72	7.1	2.282246735529
14	73	7.2	2.1605900972383
14	74	7.3	1.7467715304112
14	75	7.4	1.588150873757
14	76	7.5	2.1206572845578
14	77	7.6	2.5823568655644
14	78	7.7	1.5106716213282
14	79	7.8	1.3364715013653
14	80	7.9	1.9907534421887
14	81	8	2.5275708992034
14	82	8.1	1.6389573442517
14	83	8.2	2.0257758020889
14	84	8.3	2.4437444660347
14	85	8.4	1.9748384028906
14	86	8.5	2.1866218747105
14	87	8.6	1.4062938852701
14	88	8.7	1.699786244845
14	89	8.8	1.4753666668199
14	90	8.9	1.9197775312001
14	91	9	1.4024951044004
14	92	9.1	1.391914942814
14	93	9.2	2.5878362877294
14	94	9.3	1.7586736198515
14	95	9.4	2.2558507863898
14	96	9.5	1.88133207059
14	97	9.6	2.1192494755378
14	98	9.7	1.8594960743096
14	99	9.8	2.224980637827
14	100	9.9	1.6170613011345
14	101	10	1.4351500939112
14	102	10.1	0.63055344290616
14	103	10.2	0.57506370858755
14	104	10.3	0.43289456854108
14	105	10.4	-0.38430370143615
14	106	10.5	0.21063102681655
14	107	10.6	-0.93030592664144
14	108	10.7	0.39747214580421
14	109	10.8	0.55787600832991
14	110	10.9	-0.50475819923451
14	111	11	0.19327928437852
14	112	11.1	0.23678353994621
14	113	11.2	-0.59953248188831
14	114	11.3	0.84019841891713
14	115	11.4	-0.32653829581104
14	116	11.5	0.41654804188292
14	117	11.6	-0.37358379499056
14	118	11.7	0.23365334311967
14	119	11.8	-1.0956118322909
14	120	11.9	0.58112563355825
14	121	12	-1.7861176792021
14	122	12.1	-2.8805333585488
14	123	12.2	-3.6539664948576
14	124	12.3	-2.0562294096427
14	125	12.4	-3.2248596147083
14	126	12.5	-2.2641313584742
14	127	12.6	-2.3009845983649
14	128	12.7	-3.5768275104904
14	129	12.8	-1.5200120659244
14	130	12.9	-3.6490125027912
14	131	13	-2.325478797087
14	132	13.1	-1.8177151330991
14	133	13.2	-3.5684305076216
14	134	13.3	-2.3554522089287
14	135	13.4	-2.4006457192667
14	136	13.5	-2.0485265669022
14	137	13.6	-3.2598558948333
14	138	13.7	-1.3474729113657
14	139	13.8	-0.40448415020002
14	140	13.9	-1.8909766312566
14	141	14	-0.7746433576831
14	142	14.1	0.61140207479117
14	143	14.2	-1.5618456663965
14	144	14.3	0.65092660132214
14	145	14.4	-0.90304730994838
14	146	14.5	0.28828070912128
14	147	14.6	-0.87005960578644
13	33	3.2	0.25157376560476
13	34	3.3	0.50215463010873
13	35	3.4	0.72567961847888
13	36	3.5	0.9787625734417
13	37	3.6	1.1848709973292
13	38	3.7	1.410655871273
13	39	3.8	1.6037535587215
13	40	3.9	1.8152514708968
13	41	4	2.0048091833572
13	42	4.1	2.183204411
13	43	4.2	2.3721047449377
13	44	4.3	2.5622462252676
13	45	4.4	2.7236261946111
13	46	4.5	2.9698582057757
13	47	4.6	3.1682901508207
13	48	4.7	3.4040669460301
13	49	4.8	3.5682675829003
13	50	4.9	3.8001160365282
13	51	5	4.0425376740037
13	52	5.1	4.2603993434677
13	53	5.2	4.5009416111754
13	54	5.3	4.7320398310581
13	55	5.4	4.9417962639113
13	56	5.5	5.0844584626318
13	57	5.6	5.2859649639888
13	58	5.7	5.4662667139489
13	59	5.8	5.6089613987817
13	60	5.9	5.8560549530815
13	61	6	5.9899797741635
13	62	6.1	6.1650715699777
13	63	6.2	6.4028533237809
13	64	6.3	6.6460929049956
13	65	6.4	6.8270749183241
13	66	6.5	7.0129493374503
13	67	6.6	7.1904937105402
13	68	6.7	7.4372278856541
13	69	6.8	7.6146702316366
13	70	6.9	7.7897661497686
13	71	7	7.995898233327
13	72	7.1	8.2241229068799
13	73	7.2	8.4401819166038
13	74	7.3	8.6148590696449
13	75	7.4	8.7736741570206
13	76	7.5	8.9857398854764
13	77	7.6	9.2439755720328
13	78	7.7	9.3950427341656
13	79	7.8	9.5286898843022
13	80	7.9	9.727765228521
13	81	8	9.9805223184414
13	82	8.1	10.144418052867
13	83	8.2	10.346995633075
13	84	8.3	10.591370079679
13	85	8.4	10.788853919968
13	86	8.5	11.007516107439
13	87	8.6	11.148145495966
13	88	8.7	11.318124120451
13	89	8.8	11.465660787133
13	90	8.9	11.657638540253
13	91	9	11.797888050693
13	92	9.1	11.937079544974
13	93	9.2	12.195863173747
13	94	9.3	12.371730535732
13	95	9.4	12.597315614371
13	96	9.5	12.78544882143
13	97	9.6	12.997373768984
13	98	9.7	13.183323376415
13	99	9.8	13.405821440197
13	100	9.9	13.567527570311
13	101	10	13.711042579702
13	102	10.1	13.774097923993
13	103	10.2	13.831604294851
13	104	10.3	13.874893751706
13	105	10.4	13.836463381562
13	106	10.5	13.857526484244
13	107	10.6	13.764495891579
13	108	10.7	13.80424310616
13	109	10.8	13.860030706993
13	110	10.9	13.809554887069
13	111	11	13.828882815507
13	112	11.1	13.852561169502
13	113	11.2	13.792607921313
13	114	11.3	13.876627763205
13	115	11.4	13.843973933624
13	116	11.5	13.885628737812
13	117	11.6	13.848270358313
13	118	11.7	13.871635692625
13	119	11.8	13.762074509396
13	120	11.9	13.820187072752
13	121	12	13.641575304831
13	122	12.1	13.353521968976
13	123	12.2	12.988125319491
13	124	12.3	12.782502378526
13	125	12.4	12.460016417056
13	126	12.5	12.233603281208
13	127	12.6	12.003504821372
13	128	12.7	11.645822070323
13	129	12.8	11.49382086373
13	130	12.9	11.128919613451
13	131	13	10.896371733742
13	132	13.1	10.714600220433
13	133	13.2	10.35775716967
13	134	13.3	10.122211948777
13	135	13.4	9.8821473768508
13	136	13.5	9.6772947201606
13	137	13.6	9.3513091306773
13	138	13.7	9.2165618395407
13	139	13.8	9.1761134245207
13	140	13.9	8.987015761395
13	141	14	8.9095514256267
13	142	14.1	8.9706916331058
13	143	14.2	8.8145070664662
13	144	14.3	8.8795997265984
13	145	14.4	8.7892949956036
13	146	14.5	8.8181230665157
13	147	14.6	8.731117105937
12	32	3.1	1578.0861504339
12	33	3.2	1578.0861504339
12	34	3.3	1578.094821508
12	35	3.4	1578.1121294349
12	36	3.5	1578.1371416692
12	37	3.6	1578.1708769966
12	38	3.7	1578.2117163297
12	39	3.8	1578.2603378631
12	40	3.9	1578.3156149574
12	41	4	1578.3781818189
12	42	4.1	1578.4472822268
12	43	4.2	1578.5225314414
12	44	4.3	1578.6042915452
12	45	4.4	1578.6926053166
12	46	4.5	1578.7864814242
12	47	4.6	1578.8888444901
12	48	4.7	1578.9980469747
12	49	4.8	1579.1153760543
12	50	4.9	1579.23836469
12	51	5	1579.3693445222
12	52	5.1	1579.5086799795
12	53	5.2	1579.6555245453
12	54	5.3	1579.8106599599
12	55	5.4	1579.973760712
12	56	5.5	1580.1440912066
12	57	5.6	1580.3193388861
12	58	5.7	1580.5015319549
12	59	5.8	1580.6899395427
12	60	5.9	1580.8832654338
12	61	6	1581.0851079794
12	62	6.1	1581.463551742
12	63	6.2	1581.9022414442
12	64	6.3	1582.3578510489
12	65	6.4	1582.8307689195
12	66	6.5	1583.3165649772
12	67	6.6	1583.815587353
12	68	6.7	1584.327243302
12	69	6.8	1584.8564561838
12	70	6.9	1585.3982953783
12	71	7	1585.9525939226
12	72	7.1	1586.5215602648
12	73	7.2	1587.1067664521
12	74	7.3	1587.707346811
12	75	7.4	1588.3203567201
12	76	7.5	1588.9446674781
12	77	7.6	1589.5840682564
12	78	7.7	1590.2418443821
12	79	7.8	1590.910370036
12	80	7.9	1591.5884056566
12	81	8	1592.2806069376
12	82	8.1	1592.9907937236
12	83	8.2	1593.7126428848
12	84	8.3	1594.4489069143
12	85	8.4	1595.2025599638
12	86	8.5	1595.9702654257
12	87	8.6	1596.7535302928
12	88	8.7	1597.5468019648
12	89	8.8	1598.3521688525
12	90	8.9	1599.1680340478
12	91	9	1599.9975598576
12	92	9.1	1600.8370654397
12	93	9.2	1601.6864755098
12	94	9.3	1602.554299918
12	95	9.4	1603.4346385691
12	96	9.5	1604.33102924
12	97	9.6	1605.2408069577
12	98	9.7	1606.1656646766
12	99	9.8	1607.1037540641
12	100	9.9	1608.0576758068
12	101	10	1609.0231041182
12	102	10.1	1609.9987445669
12	103	10.2	1610.9788718615
12	104	10.3	1611.9630911537
12	105	10.4	1612.9503908046
12	106	10.5	1613.9349558558
12	107	10.6	1614.9210197004
12	108	10.7	1615.9004637403
12	109	10.8	1616.8827360841
12	110	10.9	1617.8689781222
12	111	11	1618.8516284376
12	112	11.1	1619.8356540762
12	113	11.2	1620.8213646021
12	114	11.3	1621.8028090186
12	115	11.4	1622.7902320577
12	116	11.5	1623.7753315391
12	117	11.6	1624.7633950626
12	118	11.7	1625.7488002665
12	119	11.8	1626.7358680833
12	120	11.9	1627.7151398249
12	121	12	1628.6985466974
12	122	12.1	1629.6692440435
12	123	12.2	1630.6194442995
12	124	12.3	1631.5436439244
12	125	12.4	1632.4532119809
12	126	12.5	1633.3398328144
12	127	12.6	1634.2103427062
12	128	12.7	1635.0644794181
12	129	12.8	1635.8931644
12	130	12.9	1636.711033389
12	131	13	1637.5029369993
12	132	13.1	1638.2782931365
12	133	13.2	1639.0407149075
12	134	13.3	1639.7777446983
12	135	13.4	1640.498013733
12	136	13.5	1641.2012004266
12	137	13.6	1641.8898103628
12	138	13.7	1642.5552240526
12	139	13.8	1643.2110494925
12	140	13.9	1643.863996733
12	141	14	1644.5034882985
12	142	14.1	1645.1374677131
12	143	14.2	1645.7757976977
12	144	14.3	1646.4030140154
12	145	14.4	1647.0933979675
12	146	14.5	1647.7860108474
12	147	14.6	1648.4808954336
11	32	3.1	2415.8694684898
11	33	3.2	2415.8694684898
11	34	3.3	2415.8458541166
11	35	3.4	2415.7987185706
11	36	3.5	2415.7306014945
11	37	3.6	2415.638728383
11	38	3.7	2415.5275085751
11	39	3.8	2415.3950951096
11	40	3.9	2415.2445562213
11	41	4	2415.0741647439
11	42	4.1	2414.8859801291
11	43	4.2	2414.6810501615
11	44	4.3	2414.4583887624
11	45	4.4	2414.2178794297
11	46	4.5	2413.9622219086
11	47	4.6	2413.6834514266
11	48	4.7	2413.3860548133
11	49	4.8	2413.0665266346
11	50	4.9	2412.731585501
11	51	5	2412.3748815422
11	52	5.1	2411.9954222892
11	53	5.2	2411.5955131029
11	54	5.3	2411.1730250326
11	55	5.4	2410.7288445589
11	56	5.5	2410.2649749629
11	57	5.6	2409.7877141517
11	58	5.7	2409.2915386111
11	59	5.8	2408.7784387588
11	60	5.9	2408.251944642
11	61	6	2407.7022566944
11	62	6.1	2407.2506839979
11	63	6.2	2406.8175651713
11	64	6.3	2406.3677413068
11	65	6.4	2405.9008289721
11	66	6.5	2405.4212019891
11	67	6.6	2404.9285166482
11	68	6.7	2404.4233581658
11	69	6.8	2403.9008657051
11	70	6.9	2403.3659072707
11	71	7	2402.8186477076
11	72	7.1	2402.2569066116
11	73	7.2	2401.6791318976
11	74	7.3	2401.0861782479
11	75	7.4	2400.4809528894
11	76	7.5	2399.8645701902
11	77	7.6	2399.2332890978
11	78	7.7	2398.583866004
11	79	7.8	2397.9238298895
11	80	7.9	2397.2544045739
11	81	8	2396.5709934873
11	82	8.1	2395.8698252906
11	83	8.2	2395.1571428191
11	84	8.3	2394.4302285317
11	85	8.4	2393.6861460457
11	86	8.5	2392.9281895976
11	87	8.6	2392.1548713309
11	88	8.7	2391.3716733354
11	89	8.8	2390.5765337199
11	90	8.9	2389.7710291139
11	91	9	2388.9520373686
11	92	9.1	2388.1231925822
11	93	9.2	2387.2845690843
11	94	9.3	2386.4277650899
11	95	9.4	2385.5586057701
11	96	9.5	2384.6735982734
11	97	9.6	2383.7753737309
11	98	9.7	2382.8622606857
11	99	9.8	2381.9360840004
11	100	9.9	2380.9942760124
11	101	10	2380.0411075773
11	102	10.1	2379.0778566878
11	103	10.2	2378.1101759298
11	104	10.3	2377.138455139
11	105	10.4	2376.1636931055
11	106	10.5	2375.191630946
11	107	10.6	2374.2180890265
11	108	10.7	2373.2510828464
11	109	10.8	2372.2812842792
11	110	10.9	2371.3075664288
11	111	11	2370.3373946896
11	112	11.1	2369.3658650925
11	113	11.2	2368.3926720045
11	114	11.3	2367.4236908515
11	115	11.4	2366.4488069974
11	116	11.5	2365.4762171941
11	117	11.6	2364.5007009886
11	118	11.7	2363.5278093457
11	119	11.8	2362.5532762029
11	120	11.9	2361.5864401337
11	121	12	2360.6155214445
11	122	12.1	2359.6571508852
11	123	12.2	2358.7190171262
11	124	12.3	2357.8065538184
11	125	12.4	2356.9085362743
11	126	12.5	2356.0331745484
11	127	12.6	2355.1737191735
11	128	12.7	2354.3304290569
11	129	12.8	2353.5122674619
11	130	12.9	2352.7047845074
11	131	13	2351.9229372005
11	132	13.1	2351.1574272327
11	133	13.2	2350.4046873786
11	134	13.3	2349.6770170538
11	135	13.4	2348.9658946424
11	136	13.5	2348.2716376452
11	137	13.6	2347.5917722963
11	138	13.7	2346.9348086275
11	139	13.8	2346.2873114486
11	140	13.9	2345.6426559188
11	141	14	2345.0112851915
11	142	14.1	2344.3853566172
11	143	14.2	2343.7551327196
11	144	14.3	2343.1358813591
11	145	14.4	2342.5786526515
11	146	14.5	2342.0376146268
11	147	14.6	2341.4948020476
22	64	6.3	1.4226856967729
22	65	6.4	1.5874510919645
22	66	6.5	1.7817173099254
22	67	6.6	1.7394611478761
22	68	6.7	1.9010654893916
22	69	6.8	2.1758240744832
22	70	6.9	2.1171115157059
22	71	7	2.2626733347136
22	72	7.1	2.2402953689971
22	73	7.2	2.7190206265179
22	74	7.3	2.6802488783713
22	75	7.4	2.9275415467276
22	76	7.5	2.577150077489
22	77	7.6	3.29242857693
22	78	7.7	2.7622186792795
22	79	7.8	2.4746748076124
22	80	7.9	3.1144594001401
22	81	8	3.0875167929834
22	82	8.1	4.005117396255
22	83	8.2	3.7815581290436
22	84	8.3	3.7936784280792
22	85	8.4	4.3098905434666
22	86	8.5	3.1756697094159
22	87	8.6	4.6584335691861
22	88	8.7	3.9055744159314
22	89	8.8	4.5655115026012
22	90	8.9	3.4359618259922
22	91	9	4.1646416444782
22	92	9.1	4.8719349049668
22	93	9.2	4.1782063798446
22	94	9.3	4.1552799273162
22	95	9.4	5.4231628375163
22	96	9.5	5.9531631990489
22	97	9.6	6.1664150598411
22	98	9.7	5.6832706889923
22	99	9.8	4.0709994472287
22	100	9.9	5.1105362870098
22	101	10	5.2156666008204
22	102	10.1	4.2939936805911
22	103	10.2	4.6355174317402
22	104	10.3	6.2253760766079
22	105	10.4	6.0748903088639
22	106	10.5	5.6547704306594
22	107	10.6	5.4199381173599
22	108	10.7	6.0798495515802
22	109	10.8	5.7453879252015
22	110	10.9	5.9513333918319
22	111	11	7.0219068953893
22	112	11.1	7.1941614743096
22	113	11.2	6.8653118022179
22	114	11.3	7.428094629684
22	115	11.4	6.5452163869795
22	116	11.5	6.4213391490793
22	117	11.6	7.3049660813144
22	118	11.7	7.6561011667506
22	119	11.8	5.8375820021554
22	120	11.9	6.6034255323764
22	121	12	5.8688009724364
22	122	12.1	5.6251399042113
22	123	12.2	6.1831452146693
22	124	12.3	9.0172930357489
22	125	12.4	6.597818132838
22	126	12.5	9.8281682451537
22	127	12.6	8.2553416085599
22	128	12.7	8.743963254893
22	129	12.8	10.397915429126
22	130	12.9	7.3551392312331
22	131	13	9.4099081794438
22	132	13.1	1.5185423980354
22	133	13.2	1.2667160709081
22	134	13.3	0.973
22	135	13.4	1.9120260090228
22	136	13.5	0.973
22	137	13.6	3.9982998346143
22	138	13.7	0.973
22	139	13.8	5.3024125077486
22	140	13.9	0.973
22	141	14	3.5104258192805
22	142	14.1	2.7706052183306
22	143	14.2	0.973
22	144	14.3	2.6865515850311
22	145	14.4	1.4267212740664
22	146	14.5	2.3326599926687
22	147	14.6	2.617361538198
21	64	6.3	2.4058481571681
21	65	6.4	2.4621809238432
21	66	6.5	2.5807091311705
21	67	6.6	1.9762674952816
21	68	6.7	2.123539575032
21	69	6.8	2.4651356059885
21	70	6.9	2.0418213421669
21	71	7	2.1050541901729
21	72	7.1	1.872575491237
21	73	7.2	2.4608954142128
21	74	7.3	2.1876377318054
21	75	7.4	2.3444429362891
21	76	7.5	1.7387150715338
21	77	7.6	2.4737683475018
21	78	7.7	1.7242424796335
21	79	7.8	1.3306026952108
21	80	7.9	1.937488316698
21	81	8	1.8137008265825
21	82	8.1	2.5740160259651
21	83	8.2	2.2323509526905
21	84	8.3	2.1327221903251
21	85	8.4	2.4456539714243
21	86	8.5	1.4553813389037
21	87	8.6	2.5166082486743
21	88	8.7	1.8652544746641
21	89	8.8	2.2549936615629
21	90	8.9	1.4082601564471
21	91	9	1.8512695562793
21	92	9.1	2.2389658667613
21	93	9.2	1.7323665108765
21	94	9.3	1.6687746427953
21	95	9.4	2.361851227493
21	96	9.5	2.5738601842895
21	97	9.6	2.5938958732877
21	98	9.7	2.2489896407584
21	99	9.8	1.3491548916092
21	100	9.9	1.8509954633424
21	101	10	1.8560725280549
21	102	10.1	1.3614262879826
21	103	10.2	1.499668734055
21	104	10.3	2.2133319628425
21	105	10.4	2.0845425395062
21	106	10.5	1.8443452613428
21	107	10.6	1.6997089310316
21	108	10.7	1.9482783020008
21	109	10.8	1.7628127445234
21	110	10.9	1.8116888180608
21	111	11	2.2079527389025
21	112	11.1	2.2228991070762
21	113	11.2	2.0426006918307
21	114	11.3	2.2122329738224
21	115	11.4	1.8318654081551
21	116	11.5	1.7508389399387
21	117	11.6	2.0391560351709
21	118	11.7	2.122169566853
21	119	11.8	1.4404996343423
21	120	11.9	1.6849448387744
21	121	12	1.4046726031229
21	122	12.1	1.3014988962794
21	123	12.2	1.4714361212449
21	124	12.3	2.3830982266692
21	125	12.4	1.5504853515886
21	126	12.5	2.5568108977051
21	127	12.6	2.0103945156792
21	128	12.7	2.1248550703982
21	129	12.8	2.5847716940334
21	130	12.9	1.6250009779585
21	131	13	2.2066593425314
21	132	13.1	-0.15164318874014
21	133	13.2	-0.22667461151721
21	134	13.3	-0.32669485453518
21	135	13.4	-0.032269892073238
21	136	13.5	-0.48219338562339
21	137	13.6	0.59379267788026
21	138	13.7	-0.55751405893824
21	139	13.8	0.98103981511667
21	140	13.9	-0.46764871112536
21	141	14	0.44480657347012
21	142	14.1	0.22229518296662
21	143	14.2	-0.83190269647165
21	144	14.3	0.19999812145251
21	145	14.4	-0.17796219848096
21	146	14.5	0.094052029238085
21	147	14.6	0.17881223545409
20	63	6.2	0.25726502669835
20	64	6.3	0.49784984241516
20	65	6.4	0.74406793479948
20	66	6.5	1.0021388479165
20	67	6.6	1.1997655974447
20	68	6.7	1.4121195549479
20	69	6.8	1.6586331155467
20	70	6.9	1.8628152497634
20	71	7	2.0733206687807
20	72	7.1	2.2605782179044
20	73	7.2	2.5066677593257
20	74	7.3	2.7254315325063
20	75	7.4	2.9598758261352
20	76	7.5	3.1337473332885
20	77	7.6	3.3811241680387
20	78	7.7	3.5535484160021
20	79	7.8	3.6866086855232
20	80	7.9	3.880357517193
20	81	8	4.0617275998512
20	82	8.1	4.3191292024477
20	83	8.2	4.5423642977168
20	84	8.3	4.7556365167493
20	85	8.4	5.0002019138917
20	86	8.5	5.1457400477821
20	87	8.6	5.3974008726495
20	88	8.7	5.5839263201159
20	89	8.8	5.8094256862722
20	90	8.9	5.9502517019169
20	91	9	6.1353786575448
20	92	9.1	6.359275244221
20	93	9.2	6.5325118953086
20	94	9.3	6.6993893595882
20	95	9.4	6.9355744823375
20	96	9.5	7.1929605007664
20	97	9.6	7.4523500880952
20	98	9.7	7.677249052171
20	99	9.8	7.8121645413319
20	100	9.9	7.9972640876662
20	101	10	8.1828713404717
20	102	10.1	8.3190139692699
20	103	10.2	8.4689808426754
20	104	10.3	8.6903140389597
20	105	10.4	8.8987682929103
20	106	10.5	9.0832028190446
20	107	10.6	9.2531737121478
20	108	10.7	9.4480015423478
20	109	10.8	9.6242828168002
20	110	10.9	9.8054516986063
20	111	11	10.026246972497
20	112	11.1	10.248536883204
20	113	11.2	10.452796952387
20	114	11.3	10.674020249769
20	115	11.4	10.857206790585
20	116	11.5	11.032290684579
20	117	11.6	11.236206288096
20	118	11.7	11.448423244781
20	119	11.8	11.592473208215
20	120	11.9	11.760967692093
20	121	12	11.901434952405
20	122	12.1	12.031584842033
20	123	12.2	12.178728454158
20	124	12.3	12.417038276825
20	125	12.4	12.572086811983
20	126	12.5	12.827767901754
20	127	12.6	13.028807353322
20	128	12.7	13.241292860362
20	129	12.8	13.499770029765
20	130	12.9	13.662270127561
20	131	13	13.882936061814
20	132	13.1	13.86777174294
20	133	13.2	13.845104281788
20	134	13.3	13.812434796335
20	135	13.4	13.809207807127
20	136	13.5	13.760988468565
20	137	13.6	13.820367736353
20	138	13.7	13.764616330459
20	139	13.8	13.862720311971
20	140	13.9	13.815955440858
20	141	14	13.860436098205
20	142	14.1	13.882665616502
20	143	14.2	13.799475346855
20	144	14.3	13.819475159
20	145	14.4	13.801678939152
20	146	14.5	13.811084142076
20	147	14.6	13.828965365621
19	62	6.1	1578.0861504339
19	63	6.2	1578.0861504339
19	64	6.3	1578.0950176707
19	65	6.4	1578.112177223
19	66	6.5	1578.1378232539
19	67	6.6	1578.1723642983
19	68	6.7	1578.213717008
19	69	6.8	1578.2623889912
19	70	6.9	1578.319557637
19	71	7	1578.3837638944
19	72	7.1	1578.4552257098
19	73	7.2	1578.5331417928
19	74	7.3	1578.619539924
19	75	7.4	1578.713478256
19	76	7.5	1578.8154972559
19	77	7.6	1578.9235091424
19	78	7.7	1579.0400474453
19	79	7.8	1579.1625287514
19	80	7.9	1579.2895962885
19	81	8	1579.4233418303
19	82	8.1	1579.5633387128
19	83	8.2	1579.7122075399
19	84	8.3	1579.8687706832
19	85	8.4	1580.0326847499
19	86	8.5	1580.2050283309
19	87	8.6	1580.382388222
19	88	8.7	1580.568422189
19	89	8.8	1580.7608851884
19	90	8.9	1580.9611205477
19	91	9	1581.2047545984
19	92	9.1	1581.6413314342
19	93	9.2	1582.0938401408
19	94	9.3	1582.5586758964
19	95	9.4	1583.0353861973
19	96	9.5	1583.5289027886
19	97	9.6	1584.0407342687
19	98	9.7	1584.5710232044
19	99	9.8	1585.117315338
19	100	9.9	1585.6732076909
19	101	10	1586.2422712231
19	102	10.1	1586.8245420614
19	103	10.2	1587.4165004389
19	104	10.3	1588.0191300511
19	105	10.4	1588.6375091299
19	106	10.5	1589.2707212465
19	107	10.6	1589.9170572208
19	108	10.7	1590.5754878614
19	109	10.8	1591.2477819202
19	110	10.9	1591.9326196741
19	111	11	1592.6303489124
19	112	11.1	1593.34378934
19	113	11.2	1594.0730473138
19	114	11.3	1594.8168398766
19	115	11.4	1595.5763740875
19	116	11.5	1596.3489433536
19	117	11.6	1597.1339711118
19	118	11.7	1597.9335089503
19	119	11.8	1598.7481475687
19	120	11.9	1599.5730363904
19	121	12	1600.4099148214
19	122	12.1	1601.2567885192
19	123	12.2	1602.1129233288
19	124	12.3	1602.9795284774
19	125	12.4	1603.8630911037
19	126	12.5	1604.757686561
19	127	12.6	1605.6704755891
19	128	12.7	1606.5975700365
19	129	12.8	1607.5397843746
19	130	12.9	1608.500391244
19	131	13	1609.4725611769
19	132	13.1	1610.4604330976
19	133	13.2	1611.4472259665
19	134	13.3	1612.4324058807
19	135	13.4	1613.4152611224
19	136	13.5	1614.397886741
19	137	13.6	1615.3770812033
19	138	13.7	1616.3605009317
19	139	13.8	1617.3399535427
19	140	13.9	1618.3263869649
19	141	14	1619.3094927268
19	142	14.1	1620.2957636109
19	143	14.2	1621.2836162876
19	144	14.3	1622.265549371
19	145	14.4	1623.2489055861
19	146	14.5	1624.2309954707
19	147	14.6	1625.2137546046
18	62	6.1	2415.8694684898
18	63	6.2	2415.8694684898
18	64	6.3	2415.8453198973
18	65	6.4	2415.798588427
18	66	6.5	2415.7287453024
18	67	6.6	2415.6346779395
18	68	6.7	2415.5220600262
18	69	6.8	2415.3895091696
18	70	6.9	2415.2338189242
18	71	7	2415.0589627967
18	72	7.1	2414.8643472419
18	73	7.2	2414.6521544583
18	74	7.3	2414.4168620871
18	75	7.4	2414.161035105
18	76	7.5	2413.8832016351
18	77	7.6	2413.5890474385
18	78	7.7	2413.2716728203
18	79	7.8	2412.9381133248
18	80	7.9	2412.5920639146
18	81	8	2412.2278279611
18	82	8.1	2411.8465674153
18	83	8.2	2411.441145457
18	84	8.3	2411.01476918
18	85	8.4	2410.5683737658
18	86	8.5	2410.0990218301
18	87	8.6	2409.616008725
18	88	8.7	2409.109373075
18	89	8.8	2408.5852289159
18	90	8.9	2408.0399178988
18	91	9	2407.5061947028
18	92	9.1	2407.0751619119
18	93	9.2	2406.6283995669
18	94	9.3	2406.1694667136
18	95	9.4	2405.698810108
18	96	9.5	2405.2115606337
18	97	9.6	2404.7062288503
18	98	9.7	2404.1826739996
18	99	9.8	2403.6433191741
18	100	9.9	2403.094486042
18	101	10	2402.5326489898
18	102	10.1	2401.9577723494
18	103	10.2	2401.3733311911
18	104	10.3	2400.7783543116
18	105	10.4	2400.1678279655
18	106	10.5	2399.5426569456
18	107	10.6	2398.9045287258
18	108	10.7	2398.254459429
18	109	10.8	2397.5907027645
18	110	10.9	2396.9145616958
18	111	11	2396.2256928504
18	112	11.1	2395.5213123296
18	113	11.2	2394.8013151295
18	114	11.3	2394.0669679124
18	115	11.4	2393.3170789497
18	116	11.5	2392.5543204623
18	117	11.6	2391.779261691
18	118	11.7	2390.9898771028
18	119	11.8	2390.1855834973
18	120	11.9	2389.3711698548
18	121	12	2388.5449188587
18	122	12.1	2387.7087995238
18	123	12.2	2386.863536683
18	124	12.3	2386.0079364653
18	125	12.4	2385.1355941111
18	126	12.5	2384.25235903
18	127	12.6	2383.3511614173
18	128	12.7	2382.4358400478
18	129	12.8	2381.5055907943
18	130	12.9	2380.5571825742
18	131	13	2379.5973581279
18	132	13.1	2378.6220310928
18	133	13.2	2377.6477694063
18	134	13.3	2376.675100192
18	135	13.4	2375.7047261285
18	136	13.5	2374.7345787728
18	137	13.6	2373.767819002
18	138	13.7	2372.7968876205
18	139	13.8	2371.8298729792
18	140	13.9	2370.8559661743
18	141	14	2369.8853447726
18	142	14.1	2368.9115984421
18	143	14.2	2367.9362904066
18	144	14.3	2366.9668267919
18	145	14.4	2365.9959581172
18	146	14.5	2365.0263396921
18	147	14.6	2364.056060517
29	94	9.3	1.413918470848
29	95	9.4	1.5782721494705
29	96	9.5	1.7550920482295
29	97	9.6	1.916780560599
29	98	9.7	1.9009899325407
29	99	9.8	2.0865620707517
29	100	9.9	2.2110523164614
29	101	10	2.1701386106266
29	102	10.1	2.2028198173849
29	103	10.2	2.0164476233628
29	104	10.3	2.2224924086877
29	105	10.4	2.3759492596561
29	106	10.5	2.8125810766395
29	107	10.6	2.6488212037726
29	108	10.7	2.8004146837732
29	109	10.8	3.0600884161171
29	110	10.9	3.0766153298716
29	111	11	2.8706599203357
29	112	11.1	3.3941718586394
29	113	11.2	2.8163348295748
29	114	11.3	4.0250317165358
29	115	11.4	3.4728736763161
29	116	11.5	2.9107455694074
29	117	11.6	4.181993527173
29	118	11.7	4.5395540526732
29	119	11.8	4.4047188947756
29	120	11.9	4.1895039692115
29	121	12	4.4840488879334
29	122	12.1	3.6373376044018
29	123	12.2	5.3434146820026
29	124	12.3	5.3297978819362
29	125	12.4	4.8511169742128
29	126	12.5	5.7474300782621
29	127	12.6	5.086807809272
29	128	12.7	3.875311338825
29	129	12.8	4.435218071335
29	130	12.9	5.9899686991831
29	131	13	5.708186863339
29	132	13.1	4.6377285297806
29	133	13.2	4.3077809611998
29	134	13.3	6.8544004329411
29	135	13.4	6.9770752305296
29	136	13.5	4.5944638365233
29	137	13.6	4.8534332436253
29	138	13.7	6.5586866028057
29	139	13.8	6.9653381134246
29	140	13.9	5.4960663687593
29	141	14	5.7592579705958
29	142	14.1	6.6362797870991
29	143	14.2	4.9771811915192
29	144	14.3	8.2020197292313
29	145	14.4	6.8227167969189
29	146	14.5	5.4862487889668
29	147	14.6	7.9375194206889
28	94	9.3	2.3858463853183
28	95	9.4	2.4512878019891
28	96	9.5	2.5181266090979
28	97	9.6	2.5088710749207
28	98	9.7	2.073793558873
28	99	9.8	2.2310894225895
28	100	9.9	2.2185670548969
28	101	10	1.9138601782
28	102	10.1	1.8046091231978
28	103	10.2	1.3671695989268
28	104	10.3	1.6028691865969
28	105	10.4	1.7219291996444
28	106	10.5	2.1928161682328
28	107	10.6	1.8349953915924
28	108	10.7	1.9068318728125
28	109	10.8	2.0866699201986
28	110	10.9	1.9826722219819
28	111	11	1.669103106414
28	112	11.1	2.1014991061762
28	113	11.2	1.4580121515319
28	114	11.3	2.4799139474053
28	115	11.4	1.8826388683869
28	116	11.5	1.3403497042134
28	117	11.6	2.3123585124966
28	118	11.7	2.4735620954074
28	119	11.8	2.2615567928646
28	120	11.9	2.0176959742093
28	121	12	2.1419948413037
28	122	12.1	1.5065178312128
28	123	12.2	2.5511728001758
28	124	12.3	2.4390340228798
28	125	12.4	2.0651842582738
28	126	12.5	2.5100829127012
28	127	12.6	2.0539020220283
28	128	12.7	1.3318220342742
28	129	12.8	1.605614792672
28	130	12.9	2.3768814192154
28	131	13	2.15931934861
28	132	13.1	1.5681929867947
28	133	13.2	1.3726443237159
28	134	13.3	2.5586093988968
28	135	13.4	2.5345189236337
28	136	13.5	1.3855217977194
28	137	13.6	1.4764341247734
28	138	13.7	2.1944715057965
28	139	13.8	2.3108238094952
28	140	13.9	1.6385839644587
28	141	14	1.7152918975567
28	142	14.1	2.0352583824191
28	143	14.2	1.3306742926128
28	144	14.3	2.5679176525911
28	145	14.4	1.9778247756418
28	146	14.5	1.4343273226405
28	147	14.6	2.3180339246988
27	93	9.2	0.24904955297103
27	94	9.3	0.48763419150287
27	95	9.4	0.73276297170178
27	96	9.5	0.98457563261157
27	97	9.6	1.2354627401036
27	98	9.7	1.4428420959909
27	99	9.8	1.6659510382499
27	100	9.9	1.8878077437396
27	101	10	2.0791937615596
27	102	10.1	2.2596546738794
27	103	10.2	2.396371633772
27	104	10.3	2.5566585524317
27	105	10.4	2.7288514723962
27	106	10.5	2.9481330892194
27	107	10.6	3.1316326283787
27	108	10.7	3.3223158156599
27	109	10.8	3.5309828076798
27	110	10.9	3.729250029878
27	111	11	3.8961603405194
27	112	11.1	4.106310251137
27	113	11.2	4.2521114662902
27	114	11.3	4.5001028610307
27	115	11.4	4.6883667478694
27	116	11.5	4.8224017182907
27	117	11.6	5.0536375695404
27	118	11.7	5.3009937790811
27	119	11.8	5.5271494583676
27	120	11.9	5.7289190557885
27	121	12	5.9431185399189
27	122	12.1	6.0937703230402
27	123	12.2	6.3488876030578
27	124	12.3	6.5927910053457
27	125	12.4	6.7993094311731
27	126	12.5	7.0503177224432
27	127	12.6	7.2557079246461
27	128	12.7	7.3888901280735
27	129	12.8	7.5494516073407
27	130	12.9	7.7871397492622
27	131	13	8.0030716841232
27	132	13.1	8.1598909828027
27	133	13.2	8.2971554151743
27	134	13.3	8.553016355064
27	135	13.4	8.8064682474274
27	136	13.5	8.9450204271993
27	137	13.6	9.0926638396766
27	138	13.7	9.3121109902563
27	139	13.8	9.5431933712058
27	140	13.9	9.7070517676517
27	141	14	9.8785809574073
27	142	14.1	10.082106795649
27	143	14.2	10.215174224911
27	144	14.3	10.47196599017
27	145	14.4	10.669748467734
27	146	14.5	10.813181199998
27	147	14.6	11.044984592468
26	92	9.1	1578.0861504339
26	93	9.2	1578.0861504339
26	94	9.3	1578.0947345058
26	95	9.4	1578.1115419511
26	96	9.5	1578.1367983306
26	97	9.6	1578.1707340181
26	98	9.7	1578.213317113
26	99	9.8	1578.2630480193
26	100	9.9	1578.3204688942
26	101	10	1578.3855365757
26	102	10.1	1578.4572008215
26	103	10.2	1578.5350850727
26	104	10.3	1578.6176815908
26	105	10.4	1578.7058027703
26	106	10.5	1578.7998589789
26	107	10.6	1578.9014732391
26	108	10.7	1579.0094122365
26	109	10.8	1579.1239235727
26	110	10.9	1579.2456271024
26	111	11	1579.3741643736
26	112	11.1	1579.5084545957
26	113	11.2	1579.6499881232
26	114	11.3	1579.7965470282
26	115	11.4	1579.9516535327
26	116	11.5	1580.1132489899
26	117	11.6	1580.2794642746
26	118	11.7	1580.4536496401
26	119	11.8	1580.6363607114
26	120	11.9	1580.8268667646
26	121	12	1581.0243272763
26	122	12.1	1581.3347363686
26	123	12.2	1581.7683524685
26	124	12.3	1582.2201220198
26	125	12.4	1582.6892470727
26	126	12.5	1583.1730674142
26	127	12.6	1583.6747488221
26	128	12.7	1584.1910452368
26	129	12.8	1584.7168185348
26	130	12.9	1585.2540169507
26	131	13	1585.8081286075
26	132	13.1	1586.3776053917
26	133	13.2	1586.958241011
26	134	13.3	1587.5486439932
26	135	13.4	1588.1572533436
26	136	13.5	1588.7838976402
26	137	13.6	1589.4204009315
26	138	13.7	1590.0674101273
26	139	13.8	1590.7300345842
26	140	13.9	1591.4091022341
26	141	14	1592.0998296002
26	142	14.1	1592.8027625177
26	143	14.2	1593.5201777788
26	144	14.3	1594.2470617555
26	145	14.4	1594.9922183361
26	146	14.5	1595.7514485782
26	147	14.6	1596.5208851025
25	92	9.1	2415.8694684898
25	93	9.2	2415.8694684898
25	94	9.3	2415.8460910559
25	95	9.4	2415.800318494
25	96	9.5	2415.7315365277
25	97	9.6	2415.6391177641
25	98	9.7	2415.5231490815
25	99	9.8	2415.3877144046
25	100	9.9	2415.2313372506
25	101	10	2415.0541351627
25	102	10.1	2414.8589683208
25	103	10.2	2414.6468622272
25	104	10.3	2414.4219229779
25	105	10.4	2414.181938141
25	106	10.5	2413.9257901408
25	107	10.6	2413.6490589215
25	108	10.7	2413.3551032251
25	109	10.8	2413.0432487468
25	110	10.9	2412.7118074081
25	111	11	2412.3617554002
25	112	11.1	2411.9960360894
25	113	11.2	2411.6105907217
25	114	11.3	2411.2114594902
25	115	11.4	2410.7890501505
25	116	11.5	2410.3489691206
25	117	11.6	2409.8963066841
25	118	11.7	2409.4219389253
25	119	11.8	2408.9243526809
25	120	11.9	2408.4055379727
25	121	12	2407.867783839
25	122	12.1	2407.3778635573
25	123	12.2	2406.9497539041
25	124	12.3	2406.5037213289
25	125	12.4	2406.0405536477
25	126	12.5	2405.5628772917
25	127	12.6	2405.067566685
25	128	12.7	2404.5578266656
25	129	12.8	2404.0387301092
25	130	12.9	2403.5083535216
25	131	13	2402.9612784727
25	132	13.1	2402.3990334157
25	133	13.2	2401.8257712292
25	134	13.3	2401.2428657145
25	135	13.4	2400.6419850328
25	136	13.5	2400.0232984287
25	137	13.6	2399.3948780273
25	138	13.7	2398.7560851361
25	139	13.8	2398.1018752799
25	140	13.9	2397.4314310413
25	141	14	2396.7494751511
25	142	14.1	2396.0554687079
25	143	14.2	2395.3471638302
25	144	14.3	2394.6295104788
25	145	14.4	2393.8938165667
25	146	14.5	2393.1442277122
25	147	14.6	2392.3845621836
36	124	12.3	1.4216916713365
36	125	12.4	1.5685711861819
36	126	12.5	1.6375773389814
36	127	12.6	1.7731856262155
36	128	12.7	2.066132220183
36	129	12.8	2.1047881324694
36	130	12.9	2.2321189358826
36	131	13	2.4311700471757
36	132	13.1	2.370384474091
36	133	13.2	2.062105554761
36	134	13.3	2.2371210372967
36	135	13.4	2.498398017178
36	136	13.5	2.9046186682177
36	137	13.6	2.6884825762363
36	138	13.7	2.8191783928697
36	139	13.8	3.3577500059337
36	140	13.9	3.1626741923067
36	141	14	3.5366249954158
36	142	14.1	3.3426939629433
36	143	14.2	3.6082160395371
36	144	14.3	3.0012120312392
36	145	14.4	3.690253224245
36	146	14.5	3.3722253865211
36	147	14.6	3.8849706216377
35	124	12.3	2.3982695721166
35	125	12.4	2.38439204306
35	126	12.5	2.1106021344261
35	127	12.6	2.1641621943111
35	128	12.7	2.588163960375
35	129	12.8	2.2971780724002
35	130	12.9	2.2755020546501
35	131	13	2.3860322578003
35	132	13.1	2.0488831421384
35	133	13.2	1.4012873555029
35	134	13.3	1.5812624775572
35	135	13.4	1.8496028391644
35	136	13.5	2.2525587057928
35	137	13.6	1.8331170289312
35	138	13.7	1.8794848331017
35	139	13.8	2.3579490929609
35	140	13.9	2.0122582504293
35	141	14	2.2693365724059
35	142	14.1	1.9658109822078
35	143	14.2	2.1089226115728
35	144	14.3	1.4890023420099
35	145	14.4	2.0101941086352
35	146	14.5	1.6708939873381
35	147	14.6	2.0071809895802
34	123	12.2	0.25788759189239
34	124	12.3	0.49771454910405
34	125	12.4	0.73615375341005
34	126	12.5	0.94721396685266
34	127	12.6	1.1636301862838
34	128	12.7	1.4224465823213
34	129	12.8	1.6521643895613
34	130	12.9	1.8797145950263
34	131	13	2.1183178208063
34	132	13.1	2.3232061350202
34	133	13.2	2.4633348705705
34	134	13.3	2.6214611183262
34	135	13.4	2.8064214022426
34	136	13.5	3.0316772728219
34	137	13.6	3.214988975715
34	138	13.7	3.4029374590252
34	139	13.8	3.6387323683213
34	140	13.9	3.8399581933642
34	141	14	4.0668918506048
34	142	14.1	4.2634729488256
34	143	14.2	4.4743652099828
34	144	14.3	4.6232654441838
34	145	14.4	4.8242848550474
34	146	14.5	4.9913742537812
34	147	14.6	5.1920923527392
33	122	12.1	1578.0861504339
33	123	12.2	1578.0861504339
33	124	12.3	1578.0950391293
33	125	12.4	1578.1121940175
33	126	12.5	1578.1375672678
33	127	12.6	1578.1702151988
33	128	12.7	1578.2103224183
33	129	12.8	1578.2593503455
33	130	12.9	1578.3162960317
33	131	13	1578.3810847644
33	132	13.1	1578.4540975122
33	133	13.2	1578.5341722108
33	134	13.3	1578.6190767735
33	135	13.4	1578.7094315235
33	136	13.5	1578.8061613608
33	137	13.6	1578.9106551642
33	138	13.7	1579.0214672321
33	139	13.8	1579.1387573816
33	140	13.9	1579.2641747501
33	141	14	1579.3965278352
33	142	14.1	1579.5367027158
33	143	14.2	1579.6836532205
33	144	14.3	1579.8378726169
33	145	14.4	1579.997224207
33	146	14.5	1580.1635043975
33	147	14.6	1580.3355437135
32	122	12.1	2415.8694684898
32	123	12.2	2415.8694684898
32	124	12.3	2415.8452614592
32	125	12.4	2415.7985426885
32	126	12.5	2415.7294424411
32	127	12.6	2415.6405306899
32	128	12.7	2415.5313046846
32	129	12.8	2415.3977844651
32	130	12.9	2415.242701417
32	131	13	2415.0662590055
32	132	13.1	2414.8674197212
32	133	13.2	2414.6493482682
32	134	13.3	2414.4181234078
32	135	13.4	2414.1720557746
32	136	13.5	2413.9086265491
32	137	13.6	2413.6240533217
32	138	13.7	2413.3222732486
32	139	13.8	2413.002851091
32	140	13.9	2412.6612956679
32	141	14	2412.3008518614
32	142	14.1	2411.9191065648
32	143	14.2	2411.5189088696
32	144	14.3	2411.0989154356
32	145	14.4	2410.6649452435
32	146	14.5	2410.2121060434
32	147	14.6	2409.7435827301
